{
 "cells": [
  {
   "cell_type": "markdown",
   "metadata": {
    "deletable": true,
    "editable": true
   },
   "source": [
    "# Road Map for this project\n",
    "## 1. Data Cleaning\n",
    "## 2. Model Experiments\n",
    "## 3. Parameter Selection"
   ]
  },
  {
   "cell_type": "markdown",
   "metadata": {
    "deletable": true,
    "editable": true
   },
   "source": [
    "## 1. Data Cleaning"
   ]
  },
  {
   "cell_type": "markdown",
   "metadata": {
    "deletable": true,
    "editable": true
   },
   "source": [
    "### 1.1 Package import"
   ]
  },
  {
   "cell_type": "code",
   "execution_count": 1,
   "metadata": {
    "collapsed": true,
    "deletable": true,
    "editable": true
   },
   "outputs": [],
   "source": [
    "import pandas as pd\n",
    "import numpy as np\n",
    "import matplotlib.pyplot as plt\n",
    "%matplotlib inline\n",
    "import warnings\n",
    "warnings.filterwarnings('ignore')\n",
    "pd.set_option('display.max_columns', None)"
   ]
  },
  {
   "cell_type": "code",
   "execution_count": 2,
   "metadata": {
    "collapsed": false,
    "deletable": true,
    "editable": true
   },
   "outputs": [],
   "source": [
    "df = pd.read_excel(\"~/Downloads/Reunion Giving Predictive Modeling Data Sample 041714.xlsx\")"
   ]
  },
  {
   "cell_type": "code",
   "execution_count": 3,
   "metadata": {
    "collapsed": false,
    "deletable": true,
    "editable": true
   },
   "outputs": [
    {
     "data": {
      "text/plain": [
       "Index([u'CaseNum', u'RYCohort', u'SpouseAlum', u'State', u'Gave2009',\n",
       "       u'Gave2004', u'Gave1999', u'BetweenRY', u'ActionNote', u'SportsAlum',\n",
       "       u'UGAlumAwards', u'OtherUGAct', u'WealthEngine Rating', u'EverAssigned',\n",
       "       u'BoardMember', u'ChildAlum', u'ParentAlum', u'SiblingAlum',\n",
       "       u'GradDegree', u'Attended09', u'Attended04', u'Attended99',\n",
       "       u'TotalReunions', u'NetEvents', u'OnePlusEvents', u'TotalActions',\n",
       "       u'Last Gift Date', u'Years Lapsed', u'Never Given'],\n",
       "      dtype='object')"
      ]
     },
     "execution_count": 3,
     "metadata": {},
     "output_type": "execute_result"
    }
   ],
   "source": [
    "df.columns"
   ]
  },
  {
   "cell_type": "markdown",
   "metadata": {
    "deletable": true,
    "editable": true
   },
   "source": [
    "### 1.2 Inpect the data"
   ]
  },
  {
   "cell_type": "code",
   "execution_count": 4,
   "metadata": {
    "collapsed": false,
    "deletable": true,
    "editable": true
   },
   "outputs": [
    {
     "data": {
      "text/html": [
       "<div>\n",
       "<style>\n",
       "    .dataframe thead tr:only-child th {\n",
       "        text-align: right;\n",
       "    }\n",
       "\n",
       "    .dataframe thead th {\n",
       "        text-align: left;\n",
       "    }\n",
       "\n",
       "    .dataframe tbody tr th {\n",
       "        vertical-align: top;\n",
       "    }\n",
       "</style>\n",
       "<table border=\"1\" class=\"dataframe\">\n",
       "  <thead>\n",
       "    <tr style=\"text-align: right;\">\n",
       "      <th></th>\n",
       "      <th>CaseNum</th>\n",
       "      <th>RYCohort</th>\n",
       "      <th>SpouseAlum</th>\n",
       "      <th>State</th>\n",
       "      <th>Gave2009</th>\n",
       "      <th>Gave2004</th>\n",
       "      <th>Gave1999</th>\n",
       "      <th>BetweenRY</th>\n",
       "      <th>ActionNote</th>\n",
       "      <th>SportsAlum</th>\n",
       "      <th>UGAlumAwards</th>\n",
       "      <th>OtherUGAct</th>\n",
       "      <th>WealthEngine Rating</th>\n",
       "      <th>EverAssigned</th>\n",
       "      <th>BoardMember</th>\n",
       "      <th>ChildAlum</th>\n",
       "      <th>ParentAlum</th>\n",
       "      <th>SiblingAlum</th>\n",
       "      <th>GradDegree</th>\n",
       "      <th>Attended09</th>\n",
       "      <th>Attended04</th>\n",
       "      <th>Attended99</th>\n",
       "      <th>TotalReunions</th>\n",
       "      <th>NetEvents</th>\n",
       "      <th>OnePlusEvents</th>\n",
       "      <th>TotalActions</th>\n",
       "      <th>Last Gift Date</th>\n",
       "      <th>Years Lapsed</th>\n",
       "      <th>Never Given</th>\n",
       "    </tr>\n",
       "  </thead>\n",
       "  <tbody>\n",
       "    <tr>\n",
       "      <th>0</th>\n",
       "      <td>1</td>\n",
       "      <td>1969</td>\n",
       "      <td>0</td>\n",
       "      <td></td>\n",
       "      <td>0</td>\n",
       "      <td>0</td>\n",
       "      <td>0</td>\n",
       "      <td>0</td>\n",
       "      <td>0</td>\n",
       "      <td>1</td>\n",
       "      <td>0</td>\n",
       "      <td>0</td>\n",
       "      <td></td>\n",
       "      <td>0</td>\n",
       "      <td>0</td>\n",
       "      <td>0</td>\n",
       "      <td>0</td>\n",
       "      <td>0</td>\n",
       "      <td>0</td>\n",
       "      <td>0</td>\n",
       "      <td>0</td>\n",
       "      <td>0</td>\n",
       "      <td>0</td>\n",
       "      <td>0</td>\n",
       "      <td>0</td>\n",
       "      <td>0</td>\n",
       "      <td>NaT</td>\n",
       "      <td>48</td>\n",
       "      <td>1</td>\n",
       "    </tr>\n",
       "    <tr>\n",
       "      <th>1</th>\n",
       "      <td>2</td>\n",
       "      <td>1964</td>\n",
       "      <td>0</td>\n",
       "      <td>CA</td>\n",
       "      <td>0</td>\n",
       "      <td>0</td>\n",
       "      <td>0</td>\n",
       "      <td>0</td>\n",
       "      <td>0</td>\n",
       "      <td>0</td>\n",
       "      <td>0</td>\n",
       "      <td>0</td>\n",
       "      <td>5: $100,000-$249,999</td>\n",
       "      <td>0</td>\n",
       "      <td>0</td>\n",
       "      <td>0</td>\n",
       "      <td>0</td>\n",
       "      <td>0</td>\n",
       "      <td>0</td>\n",
       "      <td>0</td>\n",
       "      <td>0</td>\n",
       "      <td>0</td>\n",
       "      <td>0</td>\n",
       "      <td>0</td>\n",
       "      <td>0</td>\n",
       "      <td>0</td>\n",
       "      <td>1982-06-29</td>\n",
       "      <td>32</td>\n",
       "      <td>0</td>\n",
       "    </tr>\n",
       "    <tr>\n",
       "      <th>2</th>\n",
       "      <td>3</td>\n",
       "      <td>1964</td>\n",
       "      <td>0</td>\n",
       "      <td></td>\n",
       "      <td>0</td>\n",
       "      <td>0</td>\n",
       "      <td>0</td>\n",
       "      <td>0</td>\n",
       "      <td>0</td>\n",
       "      <td>0</td>\n",
       "      <td>0</td>\n",
       "      <td>0</td>\n",
       "      <td></td>\n",
       "      <td>0</td>\n",
       "      <td>0</td>\n",
       "      <td>0</td>\n",
       "      <td>0</td>\n",
       "      <td>0</td>\n",
       "      <td>0</td>\n",
       "      <td>0</td>\n",
       "      <td>0</td>\n",
       "      <td>0</td>\n",
       "      <td>0</td>\n",
       "      <td>0</td>\n",
       "      <td>0</td>\n",
       "      <td>0</td>\n",
       "      <td>NaT</td>\n",
       "      <td>48</td>\n",
       "      <td>1</td>\n",
       "    </tr>\n",
       "    <tr>\n",
       "      <th>3</th>\n",
       "      <td>4</td>\n",
       "      <td>1964</td>\n",
       "      <td>0</td>\n",
       "      <td>CA</td>\n",
       "      <td>0</td>\n",
       "      <td>0</td>\n",
       "      <td>0</td>\n",
       "      <td>1</td>\n",
       "      <td>1</td>\n",
       "      <td>0</td>\n",
       "      <td>0</td>\n",
       "      <td>0</td>\n",
       "      <td>2: $1,000,000-$4,999,999</td>\n",
       "      <td>1</td>\n",
       "      <td>0</td>\n",
       "      <td>0</td>\n",
       "      <td>0</td>\n",
       "      <td>0</td>\n",
       "      <td>0</td>\n",
       "      <td>0</td>\n",
       "      <td>1</td>\n",
       "      <td>0</td>\n",
       "      <td>2</td>\n",
       "      <td>1</td>\n",
       "      <td>1</td>\n",
       "      <td>1</td>\n",
       "      <td>2010-06-24</td>\n",
       "      <td>4</td>\n",
       "      <td>0</td>\n",
       "    </tr>\n",
       "    <tr>\n",
       "      <th>4</th>\n",
       "      <td>5</td>\n",
       "      <td>1959</td>\n",
       "      <td>0</td>\n",
       "      <td>CA</td>\n",
       "      <td>0</td>\n",
       "      <td>0</td>\n",
       "      <td>0</td>\n",
       "      <td>0</td>\n",
       "      <td>0</td>\n",
       "      <td>0</td>\n",
       "      <td>0</td>\n",
       "      <td>0</td>\n",
       "      <td></td>\n",
       "      <td>0</td>\n",
       "      <td>0</td>\n",
       "      <td>0</td>\n",
       "      <td>0</td>\n",
       "      <td>0</td>\n",
       "      <td>0</td>\n",
       "      <td>0</td>\n",
       "      <td>0</td>\n",
       "      <td>0</td>\n",
       "      <td>0</td>\n",
       "      <td>0</td>\n",
       "      <td>0</td>\n",
       "      <td>0</td>\n",
       "      <td>1994-02-16</td>\n",
       "      <td>20</td>\n",
       "      <td>0</td>\n",
       "    </tr>\n",
       "  </tbody>\n",
       "</table>\n",
       "</div>"
      ],
      "text/plain": [
       "   CaseNum  RYCohort SpouseAlum State  Gave2009  Gave2004  Gave1999  \\\n",
       "0        1      1969          0               0         0         0   \n",
       "1        2      1964          0    CA         0         0         0   \n",
       "2        3      1964          0               0         0         0   \n",
       "3        4      1964          0    CA         0         0         0   \n",
       "4        5      1959          0    CA         0         0         0   \n",
       "\n",
       "   BetweenRY  ActionNote  SportsAlum  UGAlumAwards  OtherUGAct  \\\n",
       "0          0           0           1             0           0   \n",
       "1          0           0           0             0           0   \n",
       "2          0           0           0             0           0   \n",
       "3          1           1           0             0           0   \n",
       "4          0           0           0             0           0   \n",
       "\n",
       "        WealthEngine Rating  EverAssigned  BoardMember  ChildAlum  ParentAlum  \\\n",
       "0                                       0            0          0           0   \n",
       "1  5: $100,000-$249,999                 0            0          0           0   \n",
       "2                                       0            0          0           0   \n",
       "3  2: $1,000,000-$4,999,999             1            0          0           0   \n",
       "4                                       0            0          0           0   \n",
       "\n",
       "   SiblingAlum  GradDegree  Attended09  Attended04  Attended99  TotalReunions  \\\n",
       "0            0           0           0           0           0              0   \n",
       "1            0           0           0           0           0              0   \n",
       "2            0           0           0           0           0              0   \n",
       "3            0           0           0           1           0              2   \n",
       "4            0           0           0           0           0              0   \n",
       "\n",
       "   NetEvents  OnePlusEvents  TotalActions Last Gift Date  Years Lapsed  \\\n",
       "0          0              0             0            NaT            48   \n",
       "1          0              0             0     1982-06-29            32   \n",
       "2          0              0             0            NaT            48   \n",
       "3          1              1             1     2010-06-24             4   \n",
       "4          0              0             0     1994-02-16            20   \n",
       "\n",
       "   Never Given  \n",
       "0            1  \n",
       "1            0  \n",
       "2            1  \n",
       "3            0  \n",
       "4            0  "
      ]
     },
     "execution_count": 4,
     "metadata": {},
     "output_type": "execute_result"
    }
   ],
   "source": [
    "df.head()"
   ]
  },
  {
   "cell_type": "markdown",
   "metadata": {
    "deletable": true,
    "editable": true
   },
   "source": [
    "### 1.3 Data Cleaning"
   ]
  },
  {
   "cell_type": "code",
   "execution_count": 5,
   "metadata": {
    "collapsed": false,
    "deletable": true,
    "editable": true
   },
   "outputs": [],
   "source": [
    "df = df.drop(['CaseNum', 'State', 'Last Gift Date', 'Years Lapsed', 'BetweenRY', 'Never Given', 'WealthEngine Rating'], axis=1)"
   ]
  },
  {
   "cell_type": "code",
   "execution_count": 6,
   "metadata": {
    "collapsed": false,
    "deletable": true,
    "editable": true
   },
   "outputs": [
    {
     "data": {
      "text/plain": [
       "RYCohort      1969\n",
       "SpouseAlum     0rr\n",
       "Name: 11, dtype: object"
      ]
     },
     "execution_count": 6,
     "metadata": {},
     "output_type": "execute_result"
    }
   ],
   "source": [
    "df.iloc[11,:2] ## SpouseAlum needs to be cleaned"
   ]
  },
  {
   "cell_type": "code",
   "execution_count": 7,
   "metadata": {
    "collapsed": false,
    "deletable": true,
    "editable": true
   },
   "outputs": [],
   "source": [
    "df.iloc[11, 1] = 0"
   ]
  },
  {
   "cell_type": "code",
   "execution_count": 8,
   "metadata": {
    "collapsed": true,
    "deletable": true,
    "editable": true
   },
   "outputs": [],
   "source": [
    "df['RYCohort'] = 2009 - df['RYCohort']"
   ]
  },
  {
   "cell_type": "markdown",
   "metadata": {
    "deletable": true,
    "editable": true
   },
   "source": [
    "### 1.4 Visualize the correlation"
   ]
  },
  {
   "cell_type": "code",
   "execution_count": 9,
   "metadata": {
    "collapsed": true,
    "deletable": true,
    "editable": true
   },
   "outputs": [],
   "source": [
    "import seaborn as sns"
   ]
  },
  {
   "cell_type": "code",
   "execution_count": 11,
   "metadata": {
    "collapsed": false,
    "deletable": true,
    "editable": true
   },
   "outputs": [
    {
     "data": {
      "text/html": [
       "<div>\n",
       "<style>\n",
       "    .dataframe thead tr:only-child th {\n",
       "        text-align: right;\n",
       "    }\n",
       "\n",
       "    .dataframe thead th {\n",
       "        text-align: left;\n",
       "    }\n",
       "\n",
       "    .dataframe tbody tr th {\n",
       "        vertical-align: top;\n",
       "    }\n",
       "</style>\n",
       "<table border=\"1\" class=\"dataframe\">\n",
       "  <thead>\n",
       "    <tr style=\"text-align: right;\">\n",
       "      <th></th>\n",
       "      <th>RYCohort</th>\n",
       "      <th>Gave2009</th>\n",
       "      <th>Gave2004</th>\n",
       "      <th>Gave1999</th>\n",
       "      <th>ActionNote</th>\n",
       "      <th>SportsAlum</th>\n",
       "      <th>UGAlumAwards</th>\n",
       "      <th>OtherUGAct</th>\n",
       "      <th>EverAssigned</th>\n",
       "      <th>BoardMember</th>\n",
       "      <th>ChildAlum</th>\n",
       "      <th>ParentAlum</th>\n",
       "      <th>SiblingAlum</th>\n",
       "      <th>GradDegree</th>\n",
       "      <th>Attended09</th>\n",
       "      <th>Attended04</th>\n",
       "      <th>Attended99</th>\n",
       "      <th>TotalReunions</th>\n",
       "      <th>NetEvents</th>\n",
       "      <th>OnePlusEvents</th>\n",
       "      <th>TotalActions</th>\n",
       "    </tr>\n",
       "  </thead>\n",
       "  <tbody>\n",
       "    <tr>\n",
       "      <th>RYCohort</th>\n",
       "      <td>1.000000</td>\n",
       "      <td>0.127084</td>\n",
       "      <td>0.166869</td>\n",
       "      <td>0.162691</td>\n",
       "      <td>0.155483</td>\n",
       "      <td>0.046992</td>\n",
       "      <td>-0.054696</td>\n",
       "      <td>-0.030182</td>\n",
       "      <td>0.154654</td>\n",
       "      <td>0.119388</td>\n",
       "      <td>0.235688</td>\n",
       "      <td>-0.092461</td>\n",
       "      <td>-0.085692</td>\n",
       "      <td>0.065608</td>\n",
       "      <td>0.009083</td>\n",
       "      <td>0.045014</td>\n",
       "      <td>0.106772</td>\n",
       "      <td>0.156271</td>\n",
       "      <td>0.140330</td>\n",
       "      <td>0.119889</td>\n",
       "      <td>0.113517</td>\n",
       "    </tr>\n",
       "    <tr>\n",
       "      <th>Gave2009</th>\n",
       "      <td>0.127084</td>\n",
       "      <td>1.000000</td>\n",
       "      <td>0.452111</td>\n",
       "      <td>0.403065</td>\n",
       "      <td>0.364299</td>\n",
       "      <td>0.040967</td>\n",
       "      <td>0.047568</td>\n",
       "      <td>0.073545</td>\n",
       "      <td>0.284068</td>\n",
       "      <td>0.283005</td>\n",
       "      <td>0.221844</td>\n",
       "      <td>0.038610</td>\n",
       "      <td>0.089558</td>\n",
       "      <td>0.067231</td>\n",
       "      <td>0.292805</td>\n",
       "      <td>0.250759</td>\n",
       "      <td>0.244495</td>\n",
       "      <td>0.365302</td>\n",
       "      <td>0.380337</td>\n",
       "      <td>0.290123</td>\n",
       "      <td>0.279885</td>\n",
       "    </tr>\n",
       "    <tr>\n",
       "      <th>Gave2004</th>\n",
       "      <td>0.166869</td>\n",
       "      <td>0.452111</td>\n",
       "      <td>1.000000</td>\n",
       "      <td>0.480040</td>\n",
       "      <td>0.305100</td>\n",
       "      <td>0.056771</td>\n",
       "      <td>0.034893</td>\n",
       "      <td>0.063554</td>\n",
       "      <td>0.252532</td>\n",
       "      <td>0.251347</td>\n",
       "      <td>0.223481</td>\n",
       "      <td>0.026612</td>\n",
       "      <td>0.066108</td>\n",
       "      <td>0.038204</td>\n",
       "      <td>0.217848</td>\n",
       "      <td>0.232382</td>\n",
       "      <td>0.233199</td>\n",
       "      <td>0.314729</td>\n",
       "      <td>0.341981</td>\n",
       "      <td>0.278144</td>\n",
       "      <td>0.239400</td>\n",
       "    </tr>\n",
       "    <tr>\n",
       "      <th>Gave1999</th>\n",
       "      <td>0.162691</td>\n",
       "      <td>0.403065</td>\n",
       "      <td>0.480040</td>\n",
       "      <td>1.000000</td>\n",
       "      <td>0.319341</td>\n",
       "      <td>0.079329</td>\n",
       "      <td>0.038828</td>\n",
       "      <td>0.067228</td>\n",
       "      <td>0.257543</td>\n",
       "      <td>0.254415</td>\n",
       "      <td>0.194133</td>\n",
       "      <td>0.040774</td>\n",
       "      <td>0.080918</td>\n",
       "      <td>0.068791</td>\n",
       "      <td>0.242758</td>\n",
       "      <td>0.213507</td>\n",
       "      <td>0.296418</td>\n",
       "      <td>0.339321</td>\n",
       "      <td>0.327188</td>\n",
       "      <td>0.306786</td>\n",
       "      <td>0.227585</td>\n",
       "    </tr>\n",
       "    <tr>\n",
       "      <th>ActionNote</th>\n",
       "      <td>0.155483</td>\n",
       "      <td>0.364299</td>\n",
       "      <td>0.305100</td>\n",
       "      <td>0.319341</td>\n",
       "      <td>1.000000</td>\n",
       "      <td>0.080048</td>\n",
       "      <td>0.029919</td>\n",
       "      <td>0.080969</td>\n",
       "      <td>0.566610</td>\n",
       "      <td>0.468883</td>\n",
       "      <td>0.214590</td>\n",
       "      <td>0.041491</td>\n",
       "      <td>0.085283</td>\n",
       "      <td>0.115349</td>\n",
       "      <td>0.250841</td>\n",
       "      <td>0.227732</td>\n",
       "      <td>0.222222</td>\n",
       "      <td>0.339680</td>\n",
       "      <td>0.459951</td>\n",
       "      <td>0.313369</td>\n",
       "      <td>0.544933</td>\n",
       "    </tr>\n",
       "    <tr>\n",
       "      <th>SportsAlum</th>\n",
       "      <td>0.046992</td>\n",
       "      <td>0.040967</td>\n",
       "      <td>0.056771</td>\n",
       "      <td>0.079329</td>\n",
       "      <td>0.080048</td>\n",
       "      <td>1.000000</td>\n",
       "      <td>0.030056</td>\n",
       "      <td>0.011893</td>\n",
       "      <td>0.056323</td>\n",
       "      <td>0.050624</td>\n",
       "      <td>0.025431</td>\n",
       "      <td>0.011625</td>\n",
       "      <td>0.007039</td>\n",
       "      <td>0.022704</td>\n",
       "      <td>0.079946</td>\n",
       "      <td>0.085024</td>\n",
       "      <td>0.072595</td>\n",
       "      <td>0.106684</td>\n",
       "      <td>0.080687</td>\n",
       "      <td>0.097356</td>\n",
       "      <td>0.054696</td>\n",
       "    </tr>\n",
       "    <tr>\n",
       "      <th>UGAlumAwards</th>\n",
       "      <td>-0.054696</td>\n",
       "      <td>0.047568</td>\n",
       "      <td>0.034893</td>\n",
       "      <td>0.038828</td>\n",
       "      <td>0.029919</td>\n",
       "      <td>0.030056</td>\n",
       "      <td>1.000000</td>\n",
       "      <td>0.054349</td>\n",
       "      <td>0.011658</td>\n",
       "      <td>0.042052</td>\n",
       "      <td>0.007000</td>\n",
       "      <td>0.225818</td>\n",
       "      <td>0.075055</td>\n",
       "      <td>0.008988</td>\n",
       "      <td>0.041669</td>\n",
       "      <td>0.033989</td>\n",
       "      <td>0.026135</td>\n",
       "      <td>0.030216</td>\n",
       "      <td>0.081665</td>\n",
       "      <td>0.081524</td>\n",
       "      <td>0.026332</td>\n",
       "    </tr>\n",
       "    <tr>\n",
       "      <th>OtherUGAct</th>\n",
       "      <td>-0.030182</td>\n",
       "      <td>0.073545</td>\n",
       "      <td>0.063554</td>\n",
       "      <td>0.067228</td>\n",
       "      <td>0.080969</td>\n",
       "      <td>0.011893</td>\n",
       "      <td>0.054349</td>\n",
       "      <td>1.000000</td>\n",
       "      <td>0.038695</td>\n",
       "      <td>0.097964</td>\n",
       "      <td>0.024891</td>\n",
       "      <td>0.039806</td>\n",
       "      <td>0.055840</td>\n",
       "      <td>0.000163</td>\n",
       "      <td>0.126276</td>\n",
       "      <td>0.130348</td>\n",
       "      <td>0.119934</td>\n",
       "      <td>0.144992</td>\n",
       "      <td>0.091068</td>\n",
       "      <td>0.127725</td>\n",
       "      <td>0.057021</td>\n",
       "    </tr>\n",
       "    <tr>\n",
       "      <th>EverAssigned</th>\n",
       "      <td>0.154654</td>\n",
       "      <td>0.284068</td>\n",
       "      <td>0.252532</td>\n",
       "      <td>0.257543</td>\n",
       "      <td>0.566610</td>\n",
       "      <td>0.056323</td>\n",
       "      <td>0.011658</td>\n",
       "      <td>0.038695</td>\n",
       "      <td>1.000000</td>\n",
       "      <td>0.333015</td>\n",
       "      <td>0.227388</td>\n",
       "      <td>0.030579</td>\n",
       "      <td>0.069269</td>\n",
       "      <td>0.089030</td>\n",
       "      <td>0.158755</td>\n",
       "      <td>0.161707</td>\n",
       "      <td>0.157455</td>\n",
       "      <td>0.241474</td>\n",
       "      <td>0.420459</td>\n",
       "      <td>0.242401</td>\n",
       "      <td>0.526446</td>\n",
       "    </tr>\n",
       "    <tr>\n",
       "      <th>BoardMember</th>\n",
       "      <td>0.119388</td>\n",
       "      <td>0.283005</td>\n",
       "      <td>0.251347</td>\n",
       "      <td>0.254415</td>\n",
       "      <td>0.468883</td>\n",
       "      <td>0.050624</td>\n",
       "      <td>0.042052</td>\n",
       "      <td>0.097964</td>\n",
       "      <td>0.333015</td>\n",
       "      <td>1.000000</td>\n",
       "      <td>0.215417</td>\n",
       "      <td>0.031311</td>\n",
       "      <td>0.070333</td>\n",
       "      <td>0.117707</td>\n",
       "      <td>0.230072</td>\n",
       "      <td>0.239270</td>\n",
       "      <td>0.211685</td>\n",
       "      <td>0.316291</td>\n",
       "      <td>0.516035</td>\n",
       "      <td>0.262942</td>\n",
       "      <td>0.412241</td>\n",
       "    </tr>\n",
       "    <tr>\n",
       "      <th>ChildAlum</th>\n",
       "      <td>0.235688</td>\n",
       "      <td>0.221844</td>\n",
       "      <td>0.223481</td>\n",
       "      <td>0.194133</td>\n",
       "      <td>0.214590</td>\n",
       "      <td>0.025431</td>\n",
       "      <td>0.007000</td>\n",
       "      <td>0.024891</td>\n",
       "      <td>0.227388</td>\n",
       "      <td>0.215417</td>\n",
       "      <td>1.000000</td>\n",
       "      <td>0.003280</td>\n",
       "      <td>0.068482</td>\n",
       "      <td>0.075805</td>\n",
       "      <td>0.163956</td>\n",
       "      <td>0.128621</td>\n",
       "      <td>0.169349</td>\n",
       "      <td>0.244981</td>\n",
       "      <td>0.321193</td>\n",
       "      <td>0.218785</td>\n",
       "      <td>0.222148</td>\n",
       "    </tr>\n",
       "    <tr>\n",
       "      <th>ParentAlum</th>\n",
       "      <td>-0.092461</td>\n",
       "      <td>0.038610</td>\n",
       "      <td>0.026612</td>\n",
       "      <td>0.040774</td>\n",
       "      <td>0.041491</td>\n",
       "      <td>0.011625</td>\n",
       "      <td>0.225818</td>\n",
       "      <td>0.039806</td>\n",
       "      <td>0.030579</td>\n",
       "      <td>0.031311</td>\n",
       "      <td>0.003280</td>\n",
       "      <td>1.000000</td>\n",
       "      <td>0.218962</td>\n",
       "      <td>0.009230</td>\n",
       "      <td>0.061629</td>\n",
       "      <td>0.035985</td>\n",
       "      <td>0.048395</td>\n",
       "      <td>0.046573</td>\n",
       "      <td>0.043834</td>\n",
       "      <td>0.062481</td>\n",
       "      <td>0.027110</td>\n",
       "    </tr>\n",
       "    <tr>\n",
       "      <th>SiblingAlum</th>\n",
       "      <td>-0.085692</td>\n",
       "      <td>0.089558</td>\n",
       "      <td>0.066108</td>\n",
       "      <td>0.080918</td>\n",
       "      <td>0.085283</td>\n",
       "      <td>0.007039</td>\n",
       "      <td>0.075055</td>\n",
       "      <td>0.055840</td>\n",
       "      <td>0.069269</td>\n",
       "      <td>0.070333</td>\n",
       "      <td>0.068482</td>\n",
       "      <td>0.218962</td>\n",
       "      <td>1.000000</td>\n",
       "      <td>0.011836</td>\n",
       "      <td>0.098303</td>\n",
       "      <td>0.063511</td>\n",
       "      <td>0.087035</td>\n",
       "      <td>0.090581</td>\n",
       "      <td>0.114272</td>\n",
       "      <td>0.097838</td>\n",
       "      <td>0.070991</td>\n",
       "    </tr>\n",
       "    <tr>\n",
       "      <th>GradDegree</th>\n",
       "      <td>0.065608</td>\n",
       "      <td>0.067231</td>\n",
       "      <td>0.038204</td>\n",
       "      <td>0.068791</td>\n",
       "      <td>0.115349</td>\n",
       "      <td>0.022704</td>\n",
       "      <td>0.008988</td>\n",
       "      <td>0.000163</td>\n",
       "      <td>0.089030</td>\n",
       "      <td>0.117707</td>\n",
       "      <td>0.075805</td>\n",
       "      <td>0.009230</td>\n",
       "      <td>0.011836</td>\n",
       "      <td>1.000000</td>\n",
       "      <td>0.035177</td>\n",
       "      <td>0.048603</td>\n",
       "      <td>0.063276</td>\n",
       "      <td>0.092576</td>\n",
       "      <td>0.196329</td>\n",
       "      <td>0.161102</td>\n",
       "      <td>0.067993</td>\n",
       "    </tr>\n",
       "    <tr>\n",
       "      <th>Attended09</th>\n",
       "      <td>0.009083</td>\n",
       "      <td>0.292805</td>\n",
       "      <td>0.217848</td>\n",
       "      <td>0.242758</td>\n",
       "      <td>0.250841</td>\n",
       "      <td>0.079946</td>\n",
       "      <td>0.041669</td>\n",
       "      <td>0.126276</td>\n",
       "      <td>0.158755</td>\n",
       "      <td>0.230072</td>\n",
       "      <td>0.163956</td>\n",
       "      <td>0.061629</td>\n",
       "      <td>0.098303</td>\n",
       "      <td>0.035177</td>\n",
       "      <td>1.000000</td>\n",
       "      <td>0.419692</td>\n",
       "      <td>0.354665</td>\n",
       "      <td>0.727449</td>\n",
       "      <td>0.271606</td>\n",
       "      <td>0.306160</td>\n",
       "      <td>0.146338</td>\n",
       "    </tr>\n",
       "    <tr>\n",
       "      <th>Attended04</th>\n",
       "      <td>0.045014</td>\n",
       "      <td>0.250759</td>\n",
       "      <td>0.232382</td>\n",
       "      <td>0.213507</td>\n",
       "      <td>0.227732</td>\n",
       "      <td>0.085024</td>\n",
       "      <td>0.033989</td>\n",
       "      <td>0.130348</td>\n",
       "      <td>0.161707</td>\n",
       "      <td>0.239270</td>\n",
       "      <td>0.128621</td>\n",
       "      <td>0.035985</td>\n",
       "      <td>0.063511</td>\n",
       "      <td>0.048603</td>\n",
       "      <td>0.419692</td>\n",
       "      <td>1.000000</td>\n",
       "      <td>0.343540</td>\n",
       "      <td>0.510437</td>\n",
       "      <td>0.305701</td>\n",
       "      <td>0.263279</td>\n",
       "      <td>0.184539</td>\n",
       "    </tr>\n",
       "    <tr>\n",
       "      <th>Attended99</th>\n",
       "      <td>0.106772</td>\n",
       "      <td>0.244495</td>\n",
       "      <td>0.233199</td>\n",
       "      <td>0.296418</td>\n",
       "      <td>0.222222</td>\n",
       "      <td>0.072595</td>\n",
       "      <td>0.026135</td>\n",
       "      <td>0.119934</td>\n",
       "      <td>0.157455</td>\n",
       "      <td>0.211685</td>\n",
       "      <td>0.169349</td>\n",
       "      <td>0.048395</td>\n",
       "      <td>0.087035</td>\n",
       "      <td>0.063276</td>\n",
       "      <td>0.354665</td>\n",
       "      <td>0.343540</td>\n",
       "      <td>1.000000</td>\n",
       "      <td>0.473280</td>\n",
       "      <td>0.268104</td>\n",
       "      <td>0.256963</td>\n",
       "      <td>0.167296</td>\n",
       "    </tr>\n",
       "    <tr>\n",
       "      <th>TotalReunions</th>\n",
       "      <td>0.156271</td>\n",
       "      <td>0.365302</td>\n",
       "      <td>0.314729</td>\n",
       "      <td>0.339321</td>\n",
       "      <td>0.339680</td>\n",
       "      <td>0.106684</td>\n",
       "      <td>0.030216</td>\n",
       "      <td>0.144992</td>\n",
       "      <td>0.241474</td>\n",
       "      <td>0.316291</td>\n",
       "      <td>0.244981</td>\n",
       "      <td>0.046573</td>\n",
       "      <td>0.090581</td>\n",
       "      <td>0.092576</td>\n",
       "      <td>0.727449</td>\n",
       "      <td>0.510437</td>\n",
       "      <td>0.473280</td>\n",
       "      <td>1.000000</td>\n",
       "      <td>0.398812</td>\n",
       "      <td>0.374348</td>\n",
       "      <td>0.246580</td>\n",
       "    </tr>\n",
       "    <tr>\n",
       "      <th>NetEvents</th>\n",
       "      <td>0.140330</td>\n",
       "      <td>0.380337</td>\n",
       "      <td>0.341981</td>\n",
       "      <td>0.327188</td>\n",
       "      <td>0.459951</td>\n",
       "      <td>0.080687</td>\n",
       "      <td>0.081665</td>\n",
       "      <td>0.091068</td>\n",
       "      <td>0.420459</td>\n",
       "      <td>0.516035</td>\n",
       "      <td>0.321193</td>\n",
       "      <td>0.043834</td>\n",
       "      <td>0.114272</td>\n",
       "      <td>0.196329</td>\n",
       "      <td>0.271606</td>\n",
       "      <td>0.305701</td>\n",
       "      <td>0.268104</td>\n",
       "      <td>0.398812</td>\n",
       "      <td>1.000000</td>\n",
       "      <td>0.540697</td>\n",
       "      <td>0.468269</td>\n",
       "    </tr>\n",
       "    <tr>\n",
       "      <th>OnePlusEvents</th>\n",
       "      <td>0.119889</td>\n",
       "      <td>0.290123</td>\n",
       "      <td>0.278144</td>\n",
       "      <td>0.306786</td>\n",
       "      <td>0.313369</td>\n",
       "      <td>0.097356</td>\n",
       "      <td>0.081524</td>\n",
       "      <td>0.127725</td>\n",
       "      <td>0.242401</td>\n",
       "      <td>0.262942</td>\n",
       "      <td>0.218785</td>\n",
       "      <td>0.062481</td>\n",
       "      <td>0.097838</td>\n",
       "      <td>0.161102</td>\n",
       "      <td>0.306160</td>\n",
       "      <td>0.263279</td>\n",
       "      <td>0.256963</td>\n",
       "      <td>0.374348</td>\n",
       "      <td>0.540697</td>\n",
       "      <td>1.000000</td>\n",
       "      <td>0.206260</td>\n",
       "    </tr>\n",
       "    <tr>\n",
       "      <th>TotalActions</th>\n",
       "      <td>0.113517</td>\n",
       "      <td>0.279885</td>\n",
       "      <td>0.239400</td>\n",
       "      <td>0.227585</td>\n",
       "      <td>0.544933</td>\n",
       "      <td>0.054696</td>\n",
       "      <td>0.026332</td>\n",
       "      <td>0.057021</td>\n",
       "      <td>0.526446</td>\n",
       "      <td>0.412241</td>\n",
       "      <td>0.222148</td>\n",
       "      <td>0.027110</td>\n",
       "      <td>0.070991</td>\n",
       "      <td>0.067993</td>\n",
       "      <td>0.146338</td>\n",
       "      <td>0.184539</td>\n",
       "      <td>0.167296</td>\n",
       "      <td>0.246580</td>\n",
       "      <td>0.468269</td>\n",
       "      <td>0.206260</td>\n",
       "      <td>1.000000</td>\n",
       "    </tr>\n",
       "  </tbody>\n",
       "</table>\n",
       "</div>"
      ],
      "text/plain": [
       "               RYCohort  Gave2009  Gave2004  Gave1999  ActionNote  SportsAlum  \\\n",
       "RYCohort       1.000000  0.127084  0.166869  0.162691    0.155483    0.046992   \n",
       "Gave2009       0.127084  1.000000  0.452111  0.403065    0.364299    0.040967   \n",
       "Gave2004       0.166869  0.452111  1.000000  0.480040    0.305100    0.056771   \n",
       "Gave1999       0.162691  0.403065  0.480040  1.000000    0.319341    0.079329   \n",
       "ActionNote     0.155483  0.364299  0.305100  0.319341    1.000000    0.080048   \n",
       "SportsAlum     0.046992  0.040967  0.056771  0.079329    0.080048    1.000000   \n",
       "UGAlumAwards  -0.054696  0.047568  0.034893  0.038828    0.029919    0.030056   \n",
       "OtherUGAct    -0.030182  0.073545  0.063554  0.067228    0.080969    0.011893   \n",
       "EverAssigned   0.154654  0.284068  0.252532  0.257543    0.566610    0.056323   \n",
       "BoardMember    0.119388  0.283005  0.251347  0.254415    0.468883    0.050624   \n",
       "ChildAlum      0.235688  0.221844  0.223481  0.194133    0.214590    0.025431   \n",
       "ParentAlum    -0.092461  0.038610  0.026612  0.040774    0.041491    0.011625   \n",
       "SiblingAlum   -0.085692  0.089558  0.066108  0.080918    0.085283    0.007039   \n",
       "GradDegree     0.065608  0.067231  0.038204  0.068791    0.115349    0.022704   \n",
       "Attended09     0.009083  0.292805  0.217848  0.242758    0.250841    0.079946   \n",
       "Attended04     0.045014  0.250759  0.232382  0.213507    0.227732    0.085024   \n",
       "Attended99     0.106772  0.244495  0.233199  0.296418    0.222222    0.072595   \n",
       "TotalReunions  0.156271  0.365302  0.314729  0.339321    0.339680    0.106684   \n",
       "NetEvents      0.140330  0.380337  0.341981  0.327188    0.459951    0.080687   \n",
       "OnePlusEvents  0.119889  0.290123  0.278144  0.306786    0.313369    0.097356   \n",
       "TotalActions   0.113517  0.279885  0.239400  0.227585    0.544933    0.054696   \n",
       "\n",
       "               UGAlumAwards  OtherUGAct  EverAssigned  BoardMember  ChildAlum  \\\n",
       "RYCohort          -0.054696   -0.030182      0.154654     0.119388   0.235688   \n",
       "Gave2009           0.047568    0.073545      0.284068     0.283005   0.221844   \n",
       "Gave2004           0.034893    0.063554      0.252532     0.251347   0.223481   \n",
       "Gave1999           0.038828    0.067228      0.257543     0.254415   0.194133   \n",
       "ActionNote         0.029919    0.080969      0.566610     0.468883   0.214590   \n",
       "SportsAlum         0.030056    0.011893      0.056323     0.050624   0.025431   \n",
       "UGAlumAwards       1.000000    0.054349      0.011658     0.042052   0.007000   \n",
       "OtherUGAct         0.054349    1.000000      0.038695     0.097964   0.024891   \n",
       "EverAssigned       0.011658    0.038695      1.000000     0.333015   0.227388   \n",
       "BoardMember        0.042052    0.097964      0.333015     1.000000   0.215417   \n",
       "ChildAlum          0.007000    0.024891      0.227388     0.215417   1.000000   \n",
       "ParentAlum         0.225818    0.039806      0.030579     0.031311   0.003280   \n",
       "SiblingAlum        0.075055    0.055840      0.069269     0.070333   0.068482   \n",
       "GradDegree         0.008988    0.000163      0.089030     0.117707   0.075805   \n",
       "Attended09         0.041669    0.126276      0.158755     0.230072   0.163956   \n",
       "Attended04         0.033989    0.130348      0.161707     0.239270   0.128621   \n",
       "Attended99         0.026135    0.119934      0.157455     0.211685   0.169349   \n",
       "TotalReunions      0.030216    0.144992      0.241474     0.316291   0.244981   \n",
       "NetEvents          0.081665    0.091068      0.420459     0.516035   0.321193   \n",
       "OnePlusEvents      0.081524    0.127725      0.242401     0.262942   0.218785   \n",
       "TotalActions       0.026332    0.057021      0.526446     0.412241   0.222148   \n",
       "\n",
       "               ParentAlum  SiblingAlum  GradDegree  Attended09  Attended04  \\\n",
       "RYCohort        -0.092461    -0.085692    0.065608    0.009083    0.045014   \n",
       "Gave2009         0.038610     0.089558    0.067231    0.292805    0.250759   \n",
       "Gave2004         0.026612     0.066108    0.038204    0.217848    0.232382   \n",
       "Gave1999         0.040774     0.080918    0.068791    0.242758    0.213507   \n",
       "ActionNote       0.041491     0.085283    0.115349    0.250841    0.227732   \n",
       "SportsAlum       0.011625     0.007039    0.022704    0.079946    0.085024   \n",
       "UGAlumAwards     0.225818     0.075055    0.008988    0.041669    0.033989   \n",
       "OtherUGAct       0.039806     0.055840    0.000163    0.126276    0.130348   \n",
       "EverAssigned     0.030579     0.069269    0.089030    0.158755    0.161707   \n",
       "BoardMember      0.031311     0.070333    0.117707    0.230072    0.239270   \n",
       "ChildAlum        0.003280     0.068482    0.075805    0.163956    0.128621   \n",
       "ParentAlum       1.000000     0.218962    0.009230    0.061629    0.035985   \n",
       "SiblingAlum      0.218962     1.000000    0.011836    0.098303    0.063511   \n",
       "GradDegree       0.009230     0.011836    1.000000    0.035177    0.048603   \n",
       "Attended09       0.061629     0.098303    0.035177    1.000000    0.419692   \n",
       "Attended04       0.035985     0.063511    0.048603    0.419692    1.000000   \n",
       "Attended99       0.048395     0.087035    0.063276    0.354665    0.343540   \n",
       "TotalReunions    0.046573     0.090581    0.092576    0.727449    0.510437   \n",
       "NetEvents        0.043834     0.114272    0.196329    0.271606    0.305701   \n",
       "OnePlusEvents    0.062481     0.097838    0.161102    0.306160    0.263279   \n",
       "TotalActions     0.027110     0.070991    0.067993    0.146338    0.184539   \n",
       "\n",
       "               Attended99  TotalReunions  NetEvents  OnePlusEvents  \\\n",
       "RYCohort         0.106772       0.156271   0.140330       0.119889   \n",
       "Gave2009         0.244495       0.365302   0.380337       0.290123   \n",
       "Gave2004         0.233199       0.314729   0.341981       0.278144   \n",
       "Gave1999         0.296418       0.339321   0.327188       0.306786   \n",
       "ActionNote       0.222222       0.339680   0.459951       0.313369   \n",
       "SportsAlum       0.072595       0.106684   0.080687       0.097356   \n",
       "UGAlumAwards     0.026135       0.030216   0.081665       0.081524   \n",
